20
2
output.txt 4 0 2 4 6 -1 -1 -1 -1 -1 -1 4
(null) 0 -1 -1 -1 -1 -1 -1 -1 -1 -1 -1 -1
(null) 0 -1 -1 -1 -1 -1 -1 -1 -1 -1 -1 -1
(null) 0 -1 -1 -1 -1 -1 -1 -1 -1 -1 -1 -1
(null) 0 -1 -1 -1 -1 -1 -1 -1 -1 -1 -1 -1
(null) 0 -1 -1 -1 -1 -1 -1 -1 -1 -1 -1 -1
(null) 0 -1 -1 -1 -1 -1 -1 -1 -1 -1 -1 -1
(null) 0 -1 -1 -1 -1 -1 -1 -1 -1 -1 -1 -1
(null) 0 -1 -1 -1 -1 -1 -1 -1 -1 -1 -1 -1
(null) 0 -1 -1 -1 -1 -1 -1 -1 -1 -1 -1 -1
(null) 0 -1 -1 -1 -1 -1 -1 -1 -1 -1 -1 -1
(null) 0 -1 -1 -1 -1 -1 -1 -1 -1 -1 -1 -1
(null) 0 -1 -1 -1 -1 -1 -1 -1 -1 -1 -1 -1
(null) 0 -1 -1 -1 -1 -1 -1 -1 -1 -1 -1 -1
(null) 0 -1 -1 -1 -1 -1 -1 -1 -1 -1 -1 -1
(null) 0 -1 -1 -1 -1 -1 -1 -1 -1 -1 -1 -1
(null) 0 -1 -1 -1 -1 -1 -1 -1 -1 -1 -1 -1
(null) 0 -1 -1 -1 -1 -1 -1 -1 -1 -1 -1 -1
(null) 0 -1 -1 -1 -1 -1 -1 -1 -1 -1 -1 -1
(null) 0 -1 -1 -1 -1 -1 -1 -1 -1 -1 -1 -1

jon ate00000000000000000000000000000000